76.0
89.0
77.0
78.0
92.0
87.0
84.0
82.0
91.0
90.0
74.0
79.0
78.0
79.0
90.0
91.0
79.0
77.0
80.0
90.0
79.0
90.0
87.0
80.0
86.0
75.0
93.0
93.0
84.0
83.0
78.0
85.0
88.0
82.0
90.0
93.0
94.0
87.0
83.0
94.0
86.0
84.0
93.0
87.0
86.0
82.0
95.0
79.0
80.0
76.0
88.0
81.0
85.0
78.0
75.0
76.0
88.0
75.0
93.0
91.0
91.0
79.0
74.0
88.0
91.0
80.0
79.0
90.0
91.0
76.0
85.0
81.0
93.0
89.0
84.0
91.0
79.0
84.0
76.0
74.0
80.0
81.0
77.0
80.0
94.0
83.0
95.0
81.0
78.0
88.0
90.0
94.0
79.0
89.0
75.0
74.0
95.0
87.0
85.0
78.0
85.0
87.0
91.0
93.0
80.0
87.0
82.0
88.0
